tree
version=v4
num_class=1
num_tree_per_iteration=1
label_index=0
max_feature_idx=16
objective=binary sigmoid:1
feature_names=RevolvingUtilizationOfUnsecuredLines age NumberOfTime30-59DaysPastDueNotWorse DebtRatio MonthlyIncome NumberOfOpenCreditLinesAndLoans NumberOfTimes90DaysLate NumberRealEstateLoansOrLines NumberOfTime60-89DaysPastDueNotWorse NumberOfDependents MaxDelqStatus TotalDelinquencies AnyDelinquency MonthlyIncome_log IncomePerDependent EstMonthlyDebt EstMonthlyDebt_log
feature_infos=[0:1] [21:109] [0:10] [0:4979.0400000000373] [0:25000] [0:58] [0:10] [0:54] [0:10] [0:20] [0:10] [0:19] [0:1] [0:10.126671103050359] [0:25000] [0:474639.28777389997] [0:13.070312507231641]
tree_sizes=6695 6775 6791 6822 6791 6827 6841 6811

Tree=0
num_leaves=63
num_cat=0
split_feature=10 0 0 11 15 0 11 0 3 1 2 0 1 1 3 4 1 11 0 3 11 2 0 4 3 0 15 2 14 15 15 4 15 3 3 3 3 4 15 14 3 4 1 3 14 14 1 1 14 15 14 15 4 3 3 3 15 1 1 3 0 15
split_gain=187395 43524.3 14671.6 6360.14 3655.24 3030.76 2689.36 2156.93 1518.03 1470.87 1272.4 1133.81 1065.7 736.392 714.749 659.723 647.76 643.572 538.587 477.112 380.272 621.665 365.669 364.105 854.459 407.573 362.873 361.815 359.06 342.021 321.124 310.696 309.589 302.926 291.364 285.143 284.962 277.516 262.696 287.539 253.999 252.793 248.885 266.836 237.58 229.911 229.63 229.462 336.633 222.079 220.803 217.857 215.832 215.322 213.533 273.167 211.982 211.338 210.024 360.601 275.785 206.481
threshold=1.0000000180025095e-35 0.40593564350000005 0.48114396550000005 1.5000000000000002 3825.6155031500007 0.66729679500000005 2.5000000000000004 0.11373758450000002 0.83832436350000006 59.500000000000007 1.0000000180025095e-35 0.94261784500000012 52.500000000000007 34.500000000000007 0.54052689250000008 6357.5000000000009 33.500000000000007 2.5000000000000004 0.096886348500000011 3772.5000000000005 1.5000000000000002 1.0000000180025095e-35 0.30210848600000006 5100.5000000000009 0.44794750750000006 0.99999995000000019 727.20474399000011 1.5000000000000002 999.87500000000011 2710.478955 1468.7996246140003 11666.500000000002 2157.5203820100005 0.30502596150000005 0.13948618300000001 2803.5000000000005 0.16507862700000003 3712.5000000000005 6437.3903833510003 7902.5000000000009 0.5776574470000001 3447.5000000000005 65.500000000000014 0.15927887200000002 2559.1666666666674 8000.2500000000009 45.500000000000007 23.500000000000004 1484.6250000000002 442.90957320000001 1698.7500000000002 4803.5381181055009 1500.5000000000002 0.057459808500000008 0.92712983350000011 1.6394007840000002 63.994510150000004 39.500000000000007 54.500000000000007 0.053378019500000005 0.41862147400000005 1515.5106159000002
decision_type=8 2 2 2 10 2 2 2 2 10 10 2 10 10 2 8 10 2 2 2 2 10 2 10 2 2 8 10 10 10 10 8 10 2 2 2 2 8 10 10 2 10 10 2 10 10 10 10 8 10 8 10 10 2 2 2 10 10 10 2 2 10
left_child=1 4 3 10 7 12 11 13 16 23 -2 20 14 30 41 22 -6 27 50 26 21 -4 32 25 34 47 45 -5 -16 35 -1 52 61 -18 -25 37 -36 -15 39 42 -31 -3 43 -14 -43 -17 -38 48 -7 -47 -12 -26 -11 -49 -52 -56 -24 -29 59 -20 -60 -9
right_child=2 5 6 17 8 9 -8 15 -10 31 18 -13 38 29 28 19 33 -19 58 -21 -22 -23 56 24 51 -27 -28 57 -30 40 -32 -33 -34 -35 36 -37 46 -39 -40 -41 -42 44 -44 -45 -46 49 -48 53 -50 -51 54 -53 -54 -55 55 -57 -58 -59 60 -61 -62 -63
leaf_value=-2.6030888394152853 -2.4539366871394961 -2.4987588312991456 -2.3948135204317169 -2.4098841759943492 -2.4495249802446466 -2.6295148850799421 -2.3593642174991665 -2.5876864468714267 -2.4886631816960132 -2.605325453476917 -2.4954335509179257 -2.3817205124637719 -2.4767156585107295 -2.6166983891537634 -2.5212050796198575 -2.601345536974744 -2.6308856020872762 -2.3880772180807979 -2.6535988032714481 -2.5407300827907395 -2.3957964465329793 -2.4462306457717031 -2.6549191488310053 -2.4774653497484493 -2.4829476733545066 -2.4179805690626028 -2.6172540508494562 -2.4131688856191835 -2.4633948302009734 -2.6146183975317299 -2.548875508982213 -2.5634587767484063 -2.5582694762289786 -2.5726859257307595 -2.6545768816591062 -2.5959797482363984 -2.5016172745797327 -2.6346736039559975 -2.4967396623521316 -2.6349711987243136 -2.5631548212761439 -2.5782931982637445 -2.6008283015167035 -2.560064019434459 -2.5314219878455795 -2.5950634248020261 -2.5508386515979962 -2.4389093712725254 -2.4858691485921995 -2.4543556136449509 -2.5640654482816259 -2.4294017793066915 -2.505606965269576 -2.4724088058346871 -2.4198086877148697 -2.5405071697767903 -2.548742520696285 -2.4794700284015208 -2.5154694468408274 -2.4810155186730536 -2.6542352626290042 -2.6239825080913564
leaf_weight=178.36587334051728 199.1763373054564 67.642477288842201 166.89965815097094 147.81457205489278 15.189826741814612 9.6031245738267916 1536.8591764643788 274.52545145899057 113.10190709680319 10.037292029708622 40.421844612807035 1031.0986592806876 17.622407201677561 442.32092753052711 78.932145576924086 24.126435276120901 41.406443476676941 312.8735441789031 4.7404132038354865 39.752879023551941 311.46344094350934 323.92859365418553 7.4848629534244528 71.926677089184523 77.41067748889327 81.785331308841705 469.13433779776096 34.479181259870529 132.75325701385736 168.03385886922479 58.200843676924706 73.290418200194836 117.15997184813023 275.17482065036893 6.5492550842463961 98.871048606932163 95.73634397611022 1528.9736058339477 21.674258418381214 24.445653215050697 49.420827005058527 66.069747976958752 53.36507735401392 142.21466634422541 158.37797931581736 8.228450149297716 77.581966649740934 122.8883892595768 20.239659685641527 11.454743914306162 130.44070449098945 90.819742511957884 149.68351756408811 609.46088006719947 9.6459020338952524 42.058262217789888 178.59200838953257 100.94880299642682 97.305488623678684 209.31274643912911 5.8007687889039508 82.433744706213474
leaf_count=2406 1301 579 628 659 88 141 3345 3507 919 135 337 3311 127 6249 760 322 612 1089 76 417 1196 2005 120 544 606 391 6640 151 923 2357 635 851 1334 3323 105 1300 835 22880 179 366 572 813 713 1632 1606 106 855 713 156 67 1521 484 1337 4522 38 441 1956 776 912 1632 93 1192
internal_value=-2.49761 -2.56771 -2.40168 -2.45808 -2.60594 -2.49702 -2.37939 -2.61241 -2.55181 -2.48041 -2.49765 -2.39632 -2.52976 -2.62295 -2.51272 -2.5905 -2.57372 -2.40935 -2.51409 -2.60671 -2.41539 -2.42829 -2.57699 -2.47182 -2.48852 -2.46369 -2.61201 -2.43365 -2.4843 -2.62644 -2.58943 -2.52754 -2.58653 -2.58025 -2.51291 -2.62896 -2.5279 -2.63063 -2.56322 -2.56985 -2.60263 -2.53377 -2.56243 -2.54993 -2.54489 -2.55755 -2.52302 -2.46888 -2.53031 -2.50825 -2.53895 -2.45298 -2.51163 -2.46652 -2.54933 -2.51427 -2.5531 -2.46106 -2.49702 -2.48491 -2.52339 -2.59601
internal_weight=11147.3 6442.06 4705.27 1335.02 4181.95 2260.11 3370.25 3737.08 444.873 1497.01 738.902 1833.39 763.098 2524.19 503.776 1212.89 331.771 596.116 539.726 552.697 802.292 490.828 660.196 1264 420.025 843.977 512.944 283.243 211.685 2287.62 236.567 233.011 474.119 316.581 251.794 2070.17 179.868 1971.29 259.322 237.648 217.455 292.09 213.202 159.837 224.448 43.8096 173.318 762.192 29.8428 19.6832 222.567 168.23 159.721 732.349 182.145 51.7042 186.077 135.428 317.159 214.053 103.106 356.959
internal_count=95886 76375 19511 9026 57002 19373 10485 52060 4942 11675 6351 7140 7698 36399 4681 15661 4023 2675 5050 7552 3829 2633 8109 9352 3429 5923 7135 1586 1683 33358 3041 2323 6033 3935 2339 30429 1795 29129 3017 2838 2929 2998 2472 1759 2419 495 1690 5532 297 173 2337 1090 1472 5235 2000 479 2076 927 2713 1708 1005 4699
is_linear=0
shrinkage=1


Tree=1
num_leaves=63
num_cat=0
split_feature=10 0 0 11 16 0 0 6 2 3 11 6 4 3 3 7 4 7 7 0 16 14 3 0 0 8 0 3 16 4 3 0 7 16 7 3 16 3 16 14 14 14 16 14 3 14 9 14 3 14 0 14 3 7 3 16 3 14 4 16 7 3
split_gain=120637 35121.9 7443.76 3733.97 3524.98 2485.59 2356.09 1825.46 999.911 758.41 720.461 660.785 636.502 634.115 826.677 621.902 553.719 578.441 518.422 484.421 447.089 446.258 465.639 374.383 308.934 299.411 290.842 287.215 273.785 271.699 264.115 248.783 245.505 356.813 295.215 588.004 229.651 321.301 299.323 217.878 197.551 195.851 393.352 198.075 218.701 182.077 177.556 221.176 222.821 176.317 176.272 207.457 244.549 168.55 168.214 165.366 165.172 161.948 207.792 160.644 159.118 259.496
threshold=1.0000000180025095e-35 0.40593564350000005 0.48114396550000005 1.5000000000000002 8.4773161915124735 0.14582498050000001 0.63939203400000011 1.0000000180025095e-35 1.0000000180025095e-35 0.86508240550000015 1.5000000000000002 1.0000000180025095e-35 3591.5000000000005 0.51613204050000017 971.50000000000011 2.5000000000000004 6400.5000000000009 3.5000000000000004 2.5000000000000004 0.096886348500000011 7.9819178695630377 3240.2500000000005 0.55427060900000014 0.79964161050000004 0.99999995000000019 1.0000000180025095e-35 0.066285635500000009 0.31344867250000003 8.2855014347213878 6499.5000000000009 0.49992705750000005 0.075129411500000007 1.0000000180025095e-35 7.1395642590405606 1.5000000000000002 0.40786417150000004 7.7361941424937308 1207.5000000000002 8.2497360108477888 1066.8333333333337 6897.5000000000009 2559.1666666666674 5.7329874854351539 2800.2500000000005 0.074641496000000015 4250.2500000000009 1.0000000180025095e-35 966.70833333333337 0.057459808500000008 1583.1000000000001 0.82132274450000009 1233.5000000000002 4.0884662300000008 1.5000000000000002 2536.5000000000005 8.5757395133276546 2961.0000000000005 2633.4166666666674 2300.5000000000005 8.707706797569438 1.5000000000000002 0.43523584800000009
decision_type=8 2 2 2 10 2 2 8 10 2 2 10 8 2 2 2 8 2 2 2 10 10 2 2 2 10 2 2 10 10 2 2 2 8 2 2 10 2 10 10 10 10 10 10 2 10 10 10 2 10 2 10 2 2 2 10 2 10 10 10 2 2
left_child=1 4 3 8 5 12 13 10 -2 18 23 25 26 40 55 19 60 -18 -6 -10 -14 24 29 -4 28 -5 54 -22 32 -23 -17 57 46 -34 56 -36 37 39 49 -21 41 42 -3 -43 -45 -20 50 -48 -49 -38 -8 52 -52 -11 -1 -15 -35 58 -28 -24 -7 -62
right_child=2 6 7 11 9 16 21 -9 15 53 -12 -13 20 14 -16 30 17 -19 45 36 27 22 59 -25 -26 -27 31 -29 -30 -31 -32 -33 33 34 35 -37 38 -39 -40 -41 -42 43 -44 44 -46 -47 47 48 -50 -51 51 -53 -54 -55 -56 -57 -58 -59 -60 -61 61 -63
leaf_value=0.023159206245544645 0.15677392482646477 0.13106700881811675 0.15356385473495635 0.14902470560022127 0.033776330424165751 0.056913448682978832 0.093544772656587352 0.21484655013879753 0.07449842722852601 0.056477258410448122 0.19966022459810748 0.20739426248301004 0.0066326035023260175 0.11721685193672869 0.046841717557303632 0.087904915463228386 0.030377630874309537 0.14414096132903059 0.044208977573598991 0.17468735108432204 -0.0017513258297428616 0.12591501522359311 0.1300100882214095 0.18350300527075811 0.17568401235936854 0.18716704402189205 0.056456489245287581 0.044446668845486141 0.17277730061911167 0.092260750991720542 0.17977530722952018 0.043662499151400053 0.055127114194819499 0.1150619360266739 0.0041862158228846728 0.15901279105527213 0.13037277634149361 0.051793157369091292 0.13029911845605649 0.12104175414311055 0.043298271816375494 0.14508984590512305 0.042365262274619023 -0.018796589238868799 0.08980804044860477 0.11338725950016201 0.17813559168398116 0.17558013285188628 0.1198032865355068 0.040247673238077007 0.09144241367624055 0.15795322122285585 0.1441994539072379 0.1514447407089318 0.11401831926206731 0.15679539285333671 0.038283164894023856 0.017741634019931788 0.1850606889929492 0.17945617318463689 0.026331133424565945 0.094760815513951935
leaf_weight=462.39446480572224 240.01089542359114 24.728494718670845 298.52759892493486 228.01208002120256 80.145118825137615 465.58409530669451 50.070204712450504 2266.1358176469803 205.56302614510059 9.9717124477028829 1047.765414327383 312.14401289075613 1978.4766035452485 224.36804585903883 64.582511007785797 19.577089212834835 494.74944498389959 17.657358288764954 20.531182944774628 48.87281446158886 71.017508484423161 203.45871209353209 85.644904561340809 615.12392455339432 115.06509432196617 182.13364994525909 9.999130800366407 219.41199653595686 99.597604267299175 222.27945628017187 62.861090257763863 127.86954806745052 31.980498537421227 197.24988933652639 10.585647523403166 149.00957859307528 10.147970452904699 22.079840816557407 39.553702175617218 140.03089544177055 68.200312901288271 27.594076156616211 99.779296986758709 7.3836221620440474 174.64555403590202 90.199002049863338 127.64710561931133 50.046922832727432 109.66912641376257 48.939399175345898 73.239619463682175 138.99162987619638 88.341834157705307 87.827286176383495 7.3861191719770423 67.953847844153643 13.303444616496561 6.6149601414799681 12.612826287746428 60.163283128291368 28.587946511805058 116.79241973906755
leaf_count=6289 1297 174 1595 1270 1015 5392 439 4065 2131 102 2658 747 28875 1775 747 182 6536 126 245 239 1054 1465 593 2182 494 609 118 2682 468 2025 296 1596 335 1545 141 844 65 237 275 1064 821 183 1197 107 1670 792 582 221 825 554 655 766 564 528 63 392 150 90 67 252 373 1112
internal_value=0.121179 0.0646409 0.188497 0.150911 0.0296536 0.0247893 0.122898 0.202326 0.121872 0.0970522 0.187757 0.184371 0.0149827 0.0930186 0.112613 0.107613 0.0500307 0.0345749 0.0731593 0.0990458 0.0100443 0.135261 0.1198 0.173901 0.142201 0.166381 0.0328091 0.033176 0.138668 0.108606 0.159297 0.0563456 0.135237 0.121764 0.127352 0.148846 0.115044 0.127284 0.0878297 0.135778 0.0753957 0.0817925 0.0609022 0.093843 0.0853132 0.101089 0.143521 0.156546 0.138277 0.0576716 0.132427 0.138566 0.121008 0.142452 0.0248311 0.126927 0.110424 0.108489 0.133075 0.15151 0.0629123 0.0815901
internal_weight=12680.9 6893.41 5787.48 1559.93 4307.83 4019.15 2585.58 4227.55 837.637 288.674 1961.42 722.29 2895.78 759.236 356.904 597.626 1123.37 512.407 190.875 515.188 2268.91 1826.34 571.546 913.652 1254.8 410.146 626.877 290.43 1139.73 425.738 82.4382 157.096 1040.14 402.129 370.149 159.595 309.625 210.984 98.6411 188.904 402.331 334.131 124.508 209.623 182.029 110.73 638.006 287.363 159.716 59.0874 350.643 300.573 161.581 97.799 469.781 292.322 210.553 29.2269 22.612 145.808 610.964 145.38
internal_count=95951 76485 19466 8966 57055 54373 19430 10500 6340 2682 6435 2626 40834 7066 2914 5043 13539 6662 2052 4565 32611 12364 4335 3777 8029 1879 8223 3736 7535 3490 478 1871 7067 3015 2680 985 2434 1540 894 1303 4152 3331 1371 1960 1777 1037 4052 1628 1046 619 2424 1985 1219 630 6352 2167 1695 275 185 845 6877 1485
is_linear=0
shrinkage=0.02


Tree=2
num_leaves=63
num_cat=0
split_feature=12 0 0 0 15 6 1 0 8 1 5 6 2 15 7 1 5 5 15 4 0 5 8 7 4 4 15 4 1 7 15 4 15 14 5 14 4 0 5 5 4 0 15 5 0 5 4 1 1 14 1 4 1 0 5 0 0 1 1 5 5 15
split_gain=79585.6 31252.8 4311.08 3057.84 2889.94 2491.57 1304.02 1066.5 1060.86 939.233 893.285 725.089 715.272 691.765 634.028 616.015 551.907 529.605 562.671 476.762 445.689 422.369 396.496 357.734 332.521 328.924 405.521 287.481 287.234 274.896 271.117 257.987 251.073 243.197 242.394 246.285 297.431 368.454 238.574 419.504 335.759 232.62 228.162 234.455 218.853 218.661 209.919 205.011 204.627 209.41 199.541 194.663 292.584 355.606 190.981 189.084 187.114 181.637 181.123 213.182 211.361 196.891
threshold=1.0000000180025095e-35 0.32309647350000004 0.5854797595000002 0.63939203400000011 4493.0411942980008 1.0000000180025095e-35 57.500000000000007 0.14582498050000001 1.0000000180025095e-35 35.500000000000007 1.0000000180025095e-35 1.0000000180025095e-35 1.5000000000000002 5718.6843406250009 2.5000000000000004 52.500000000000007 8.5000000000000018 8.5000000000000018 830.74171751200004 10309.500000000002 0.25817322250000008 10.500000000000002 1.0000000180025095e-35 3.5000000000000004 9000.5000000000018 4152.5000000000009 2710.478955 6249.5000000000009 39.500000000000007 1.0000000180025095e-35 3396.3397021315004 7071.5000000000009 3.9995401425000003 1733.4166666666667 6.5000000000000009 1500.1250000000002 1000.5000000000001 0.047968393500000005 1.0000000180025095e-35 8.5000000000000018 7726.5000000000009 0.46594573250000004 3230.5737007310004 14.500000000000002 0.99999995000000019 13.500000000000002 6100.5000000000009 65.500000000000014 65.500000000000014 6897.5000000000009 39.500000000000007 8492.5000000000018 48.500000000000007 0.030188240000000002 4.5000000000000009 0.53455395450000009 0.84063379050000009 72.500000000000014 60.500000000000007 16.500000000000004 20.500000000000004 3465.3803031040002
decision_type=2 2 2 2 10 10 10 2 10 10 2 10 10 10 2 10 2 2 10 8 2 2 10 2 10 8 10 10 10 2 10 8 8 10 2 10 10 2 2 2 8 2 10 2 2 2 10 10 10 8 10 10 10 2 2 2 2 10 10 2 2 10
left_child=1 4 5 13 7 8 10 9 12 34 -5 22 20 15 24 21 31 18 32 58 23 27 44 -2 50 26 -18 30 -19 47 -3 48 -12 -28 35 36 37 -1 -8 -40 -41 -29 43 -27 -4 -30 -44 -17 -11 -50 -6 -16 -53 -54 56 -43 -20 -49 61 -60 -61 -9
right_child=2 3 11 6 14 -7 38 19 -10 16 17 -13 -14 -15 51 29 25 28 54 -21 -22 -23 -24 -25 -26 42 33 41 45 -31 -32 -33 -34 -35 -36 -37 -38 -39 39 40 -42 55 46 -45 -46 -47 -48 57 49 -51 -52 52 53 -55 -56 -57 -58 -59 59 60 -62 -63
leaf_value=-0.013062384190387379 0.077793715915149553 0.079901726094736947 0.14744563422584409 0.16675709328542213 0.13601512424989806 0.16658222862654842 0.13845044182788008 0.04917762272608224 0.14636680675682887 0.018366974054948363 0.073507184862522112 0.17644039394221075 0.13327000983473292 0.12887069408393786 0.13315198928797087 0.10063196203790621 0.031048111736183551 0.16173660752524299 -0.00033742729936620669 0.013232330969161614 0.11630585531684597 0.11078399599907701 0.17138935143831457 0.14613764796392981 0.018223503079077025 0.0039320265114654767 0.010801350695309244 0.016157856824140979 0.11406444552598671 0.044322641738785341 0.14450923152704317 -0.0058517569481511215 0.13069901504704146 0.13817085183220354 0.065946110380107989 0.0081237400611971055 0.1089118053364707 0.085849992865520183 0.061062795662569974 0.13155569533620173 0.065803299621120276 0.10501765211957205 0.092766239569889844 0.029721373908845564 0.17159518788838812 0.14929475789385918 0.026760938000253 -0.019883034364826375 -0.0072520194055455678 0.10586833782053184 0.056716546434530404 0.12745083986513486 0.11875022544230661 0.023900683733264119 0.10376377350128786 0.034409275492026423 0.080755641024365166 0.078971028353989794 0.01708107268030757 0.11566683574164159 -0.018203180966283976 0.089927272687451987
leaf_weight=34.8710732832551 400.25041358917952 334.36687667667866 1041.0608531609178 228.21966445446014 18.587786749005318 651.34413906931877 33.932885803282261 456.99130188673735 420.00198569148779 482.93514993041754 37.248059719800949 2420.9179545119405 322.67016992717981 113.98188208043575 72.974282093346119 74.489834077656269 227.83428084105253 183.04645096510649 13.085796788334845 208.37712459266186 290.03521519899368 222.46573381870985 796.45925366133451 34.003390111029148 69.669958204030991 538.64181815832853 8.2144679129123706 51.271559499204159 212.69022316485643 265.97516456246376 29.323338374495506 752.07044649124146 558.80845844745636 23.584952183067799 142.83587403595448 93.839796684682369 26.975143790245056 25.189577557146549 187.89945673197508 88.301939904689789 53.419038280844688 34.407808296382427 23.580396935343742 190.31666096299887 232.45167528837919 137.69500213861465 97.689185537397861 12.670376785099508 236.20334729552269 5.7318311780691138 45.517354413866997 45.923047177493572 24.978577524423599 42.29816360771656 319.14253121241927 29.206899739801884 83.540583044290543 15.851616226136683 122.27274396270514 17.450370959937576 5.9744230583310118 54.232820555567741
leaf_count=524 3539 2999 3552 620 105 1584 160 5224 1531 6624 302 3634 1474 669 405 615 2949 709 156 2819 1784 1651 1574 150 908 7878 105 657 1325 2992 139 11355 2924 158 1567 1299 239 257 1742 495 492 268 210 2548 460 593 1258 184 3536 52 454 305 173 498 2193 327 673 153 1581 139 88 491
internal_value=0.107068 0.0620826 0.157534 0.107667 0.025103 0.133824 0.121987 0.0201986 0.119174 0.014393 0.12911 0.168685 0.108135 0.0817374 0.0827309 0.0765992 0.0103628 0.123445 0.114554 0.0396851 0.0967658 0.0876689 0.159532 0.0834733 0.0489289 0.0210131 0.0406905 0.0767111 0.140059 0.0553823 0.0854983 0.0023493 0.127258 0.106662 0.0464613 0.0307853 0.0548258 0.0291155 0.0869731 0.081265 0.10742 0.0483788 0.0149611 0.0106993 0.151986 0.1283 0.0402655 0.0832181 0.0108572 -0.00413903 0.0814765 0.106617 0.0884783 0.0603693 0.0960762 0.073665 0.069862 0.0358032 0.0480401 0.0280357 0.0820944 0.0536715
internal_weight=14026 7416.8 6609.2 3321.04 4095.76 2118.31 2137.03 3775.81 1466.96 2910.51 1773.48 4490.89 1046.96 1184.01 319.949 1070.03 2586.8 1545.26 1011.83 865.299 724.289 701.042 2069.97 434.254 133.775 1109.86 259.634 478.576 533.432 368.987 363.69 1476.94 596.057 31.7994 323.711 180.876 87.0358 60.0607 363.553 329.62 141.721 114.886 850.228 728.958 1273.51 350.385 121.27 103.012 724.87 241.935 64.1051 186.174 113.2 67.2767 415.769 63.6147 96.6264 28.522 656.922 145.698 23.4248 511.224
internal_count=96069 76787 19282 23038 53749 10062 12384 50901 8478 40559 9495 9220 6947 10654 2848 9985 36673 8875 6248 10342 5473 6041 5586 3689 1467 15106 3212 4390 2627 3944 3138 21567 3226 263 3886 2319 1020 781 2889 2729 987 1252 11894 10426 4012 1918 1468 952 10212 3588 559 1381 976 671 3022 595 829 337 7523 1808 227 5715
is_linear=0
shrinkage=0.02


Tree=3
num_leaves=63
num_cat=0
split_feature=11 0 11 15 0 1 0 1 7 0 3 0 14 2 3 6 7 2 1 4 14 3 0 2 7 15 5 2 1 3 0 0 15 14 5 4 4 3 3 3 15 3 9 1 1 14 4 14 1 14 3 3 7 15 15 5 14 5 1 0 5 7
split_gain=57048.9 25056.9 3768.95 3008.66 2393.12 1578.7 1441.13 1064.41 953.966 912.987 678.881 617.661 566.502 542.882 533.219 490.989 427.208 371.519 361.233 348.791 339.76 338.515 329.485 324.336 322.382 322.327 313.58 312.084 300.705 305.528 276.162 250.618 243.162 276.362 235.399 263.604 228.594 257.527 221.517 218.001 212.039 220.98 210.623 206.933 204.425 263.179 194.062 192.784 192.428 188.937 240.451 208.277 186.673 185.961 316.124 183.672 182.683 182.082 185.69 180.426 178.748 411.221
threshold=1.0000000180025095e-35 0.40593564350000005 1.5000000000000002 3230.5737007310004 0.48114396550000005 52.500000000000007 0.22796741750000002 42.500000000000007 3.5000000000000004 0.78854518600000012 0.52188075500000008 0.63939203400000011 1733.4166666666667 1.0000000180025095e-35 0.69451891200000004 1.0000000180025095e-35 3.5000000000000004 1.0000000180025095e-35 47.500000000000007 6357.5000000000009 1173.8750000000002 2536.5000000000005 0.54259665650000011 1.0000000180025095e-35 3.5000000000000004 2328.4073417900004 8.5000000000000018 1.0000000180025095e-35 68.500000000000014 1429.5000000000002 0.036255990500000009 0.096886348500000011 275.89970658000004 2536.2500000000005 8.5000000000000018 11250.500000000002 6573.5000000000009 0.55427060900000014 0.23966633750000002 1934.5000000000002 753.94688994900014 0.22316869550000004 1.0000000180025095e-35 67.500000000000014 34.500000000000007 2855.1666666666674 431.00000000000006 4500.5000000000009 63.500000000000007 6600.5000000000009 0.11575540500000002 0.27337247500000006 1.5000000000000002 2666.6162950000003 3964.9529147110006 14.500000000000002 999.87500000000011 7.5000000000000009 46.500000000000007 0.79964161050000004 6.5000000000000009 1.0000000180025095e-35
decision_type=2 2 2 10 2 10 2 10 2 2 2 2 8 10 2 10 2 8 10 8 8 2 2 8 2 10 2 10 10 2 2 2 10 10 2 10 8 2 2 2 8 2 10 10 10 10 8 10 10 10 2 2 2 10 10 2 10 2 10 2 2 2
left_child=1 3 4 6 13 9 7 25 14 10 32 -7 -8 -2 18 22 20 26 30 21 42 43 -4 60 40 44 28 -6 29 -13 -5 38 -3 56 -20 -36 -28 -38 -22 -39 -14 -42 -15 -9 45 46 -1 -27 -10 50 -35 -51 -16 -33 -55 -21 -34 -43 -59 -29 61 -11
right_child=2 5 15 8 27 11 12 19 48 23 -12 17 24 16 52 -17 -18 -19 34 55 31 -23 -24 -25 -26 47 36 59 -30 -31 -32 53 33 49 35 -37 37 39 -40 -41 41 57 -44 -45 -46 -47 -48 -49 -50 51 -52 -53 -54 54 -56 -57 -58 58 -60 -61 -62 -63
leaf_value=-0.01989561197791306 0.11382204067236083 0.1187008174467859 0.12476238496296313 0.014699616735134233 0.14085432046099799 0.053495509005366461 0.082414604280088483 0.021315779980575569 0.11740134593252517 0.11773578622949567 0.11168459866626421 0.087209460063776181 0.062884226714637365 0.029682303660630963 0.036900730614621083 0.15167612196459135 0.13420655907612308 0.16066605510448687 -0.011085627461678373 -0.0013364868489339364 0.022857092487088441 0.12399369451363008 0.14391482935894812 0.15307758345077685 0.13888930946487821 0.084101081068072334 0.1214848472283407 0.10812637254842064 0.03304181114091246 0.0056134489068502815 0.076183164973603473 0.090989790178953187 0.095673087754320554 0.0019930645694655465 0.053971494459223335 0.0090796230272474545 0.046386115139857839 0.1254714845327628 0.066779393171945534 0.04922204816598906 -0.01050159723526598 0.011496541210500181 0.13152229564172163 0.0026219687146323608 0.018138785136665076 0.015292333485728881 0.058920353618261312 0.023682592933662788 0.046735678147162389 0.082945572324555614 0.096021779692132769 0.0085873844160446518 0.091579276860630818 0.016253509883177714 0.090643499166034258 0.02241121994581426 0.038652602031719989 0.069401827395812341 0.030412019463343612 0.12916077042764745 0.12659073604351223 0.082247591751552315
leaf_weight=12.817661933600901 302.61200715601444 52.706647492945194 606.15407434850931 37.944294549524784 767.49531854689121 292.18643324449658 146.64801605045795 748.80975865572691 131.35726973414421 613.48180986195803 447.77789644896984 259.87781506031752 85.048102349042892 10.196714162826536 32.629805818200111 2878.7422951757908 56.245321273803711 28.049607381224632 54.487791359424591 1165.6023252978921 68.211823098361492 10.634302601218222 1286.3400989547372 115.07270491868258 11.281692266464232 78.420250117778778 131.32984387874603 296.68641414493322 65.407923333346844 19.955264434218407 136.12700604647398 238.80501160025597 27.624189123511314 11.50992029905319 124.78914937376976 90.601500995457172 52.414996400475502 57.744025133550167 150.45081177353859 22.795049920678139 51.423167489469051 100.73181863874197 60.932514846324921 347.06558826565742 295.21540410071611 105.51762106269598 200.34846938401461 30.279088541865349 19.627818413078785 33.815484665334225 228.67364806681871 27.128596298396587 144.26165313273668 43.40063963085413 48.717046059668064 145.64327243715525 123.91474255919456 75.843367084860802 144.19337441027164 589.95080065727234 485.09299102425575 181.16380663961172
leaf_count=187 1296 280 2142 478 1560 2845 1294 9854 762 2782 2391 1792 837 99 340 3716 211 24 782 17295 756 70 2414 151 54 750 622 1388 653 218 1278 1599 171 132 1332 1187 484 245 1328 197 724 1293 274 4969 3972 1368 2166 384 184 263 1532 305 1020 465 312 1929 1254 734 1709 1743 2054 1240
internal_value=0.0958089 0.0580692 0.135575 0.0275678 0.116235 0.100177 0.0201651 0.0146713 0.063512 0.108953 0.0935757 0.0779212 0.0481376 0.0912509 0.0523876 0.146223 0.0810053 0.0890106 0.0405189 0.00829736 0.0759732 0.0165615 0.137851 0.119384 0.037252 0.0359545 0.0854521 0.130966 0.0723972 0.0814386 0.0629528 0.0703829 0.0773378 0.0722663 0.0258626 0.0352267 0.102161 0.0822943 0.0532534 0.104783 0.0344422 0.0277866 0.117565 0.015405 0.0302367 0.0413456 0.054101 0.0676586 0.108596 0.0834546 0.091551 0.0505511 0.0817685 0.0815009 0.0561676 0.00131477 0.0496191 0.0339445 0.0441135 0.122254 0.116236 0.109761
internal_weight=15210 7805.07 7404.94 4527.35 2633.7 3277.72 3755.52 3140.35 771.826 2347.96 953.151 929.761 615.17 979.572 620.841 4771.24 676.96 637.575 443.95 2417.76 620.715 1106.51 1892.49 1394.81 468.522 722.598 609.525 1654.13 345.241 279.833 174.071 549.585 505.373 452.667 269.878 215.391 264.284 132.954 218.663 80.5391 457.24 372.192 71.1292 1095.88 613.899 318.684 213.166 108.699 150.985 301.128 240.184 60.9441 176.891 330.923 92.1177 1311.25 151.539 320.769 220.037 886.637 1279.74 794.646
internal_count=95890 76587 19303 56952 11031 19635 49589 42944 7363 12555 6328 7080 6645 6340 6417 8272 5044 4235 5057 34117 4833 14893 4556 6227 5351 8827 4211 4691 2663 2010 1756 4460 3937 3657 3301 2519 1548 926 2084 442 5297 4460 373 14823 7693 3721 2353 1134 946 2232 1664 568 1360 2376 777 19224 1425 3736 2443 3131 6076 4022
is_linear=0
shrinkage=0.02


Tree=4
num_leaves=63
num_cat=0
split_feature=10 0 0 7 0 10 1 1 14 5 6 10 15 5 4 7 5 5 15 1 1 1 14 5 0 4 0 14 5 4 4 4 1 0 15 15 1 14 1 1 14 1 15 7 6 1 15 1 1 15 5 4 0 15 15 4 15 0 14 4 0 15
split_gain=48548.7 18937.4 2244.44 1936.44 1610.05 1012.53 992.599 887.168 605.328 584.654 534.405 504.369 459.589 414.312 339.756 360.269 334.579 324.766 444.258 302.776 290.271 259.513 234.955 232.367 225.741 226.538 215.251 213.958 209.331 207.865 194.994 189.915 206.392 189.793 208.993 181.864 197.048 216.151 204.226 279.43 178.087 176.603 174.558 172.364 170.247 168.877 163.833 269.088 195.029 281.8 229.442 169.637 160.792 160.678 183.715 159.443 157.027 177.335 155.968 154.059 153.335 152.487
threshold=1.0000000180025095e-35 0.32309647350000004 0.48114396550000005 2.5000000000000004 0.54259665650000011 1.5000000000000002 53.500000000000007 53.500000000000007 10200.500000000002 15.500000000000002 1.0000000180025095e-35 1.5000000000000002 4493.0411942980008 13.500000000000002 6900.5000000000009 1.5000000000000002 8.5000000000000018 10.500000000000002 682.72099858100012 58.500000000000007 36.500000000000007 53.500000000000007 6083.166666666667 4.5000000000000009 0.040129658500000005 4200.5000000000009 0.22796741750000002 2800.2500000000005 8.5000000000000018 6499.5000000000009 5000.5000000000009 820.50000000000011 45.500000000000007 0.78854518600000012 3429.6953416230003 4986.4887536110009 34.500000000000007 3000.1250000000005 45.500000000000007 48.500000000000007 1666.6904761904764 58.500000000000007 877.92035605000012 4.5000000000000009 1.0000000180025095e-35 64.500000000000014 2248.6657870860004 30.500000000000004 42.500000000000007 1307.4413669000003 7.5000000000000009 2700.5000000000005 0.11373758450000002 4803.5381181055009 1630.6114548300004 12916.500000000002 63.994510150000004 0.0041774340000000016 7250.5000000000009 10000.500000000002 0.99998104500000007 7440.385185250002
decision_type=8 2 2 2 2 10 10 10 8 2 10 8 10 2 8 2 2 2 10 10 10 10 10 2 2 8 2 8 2 10 8 8 10 2 10 10 10 10 10 10 10 10 10 2 10 10 10 10 10 8 2 10 2 10 10 10 10 2 10 10 2 10
left_child=1 3 5 6 9 10 14 17 13 21 24 60 20 45 15 52 27 18 31 -11 -5 46 -21 42 25 -2 -22 41 -16 -25 -27 32 -6 34 -31 36 37 -17 -38 40 -40 -9 -20 -14 -7 -8 47 -3 -49 50 51 -50 -1 54 -26 -32 57 -15 -35 -18 -4 -45
right_child=2 4 11 12 7 44 8 16 -10 19 -12 -13 43 56 28 35 59 -19 23 22 26 -23 -24 29 53 30 -28 -29 -30 33 55 -33 -34 58 -36 -37 38 -39 39 -41 -42 -43 -44 61 -46 -47 -48 48 49 -51 -52 -53 -54 -55 -56 -57 -58 -59 -60 -61 -62 -63
leaf_value=0.022881613466194071 0.093257798026550195 0.084160143195979559 0.11460088564301257 0.11779519805265504 0.038006314039770381 0.11216191302393343 0.018530679804294369 0.10743575223951314 -0.0073921984292860685 0.11417499465938823 0.11519080231024507 0.13164350153664814 0.071523665292370406 0.15651272086732404 0.0100883051991145 0.11910154206994233 0.093936213275782304 0.11423050084986533 0.00433912673927763 0.0034334743934785962 0.023078492680059907 0.037367672100421266 0.097029889686187976 0.096087115829339445 0.09551205260204812 -0.020339031456382863 0.085968948703486647 0.047513658544349198 0.030914659443390731 0.0042044118795628929 0.064320092605001503 0.10701432530531114 0.13386570311556129 0.095675317309466226 0.073988350207283921 0.11622901924550216 0.02087817302945039 0.027470976814283898 0.028477148150813682 0.030305415173513418 0.12769852727097822 0.057126001225395726 0.06788119738193725 0.060070867424234092 0.13269576302976341 0.0028615697716105116 0.075767869149855532 0.021774339408025083 0.10873053728093454 0.03089629927328761 0.13076393987655663 0.016102183033548545 0.041247627773544675 0.1164588393905821 0.073009423545044458 -0.019720620337178509 0.034417161449277547 0.031307097627008985 0.036007101083969782 0.055639484990459169 0.12557921580583742 0.13134804047501172
leaf_weight=501.76918884366751 88.611534632742405 83.319156087934971 1392.2241408452392 17.134783245623112 36.369278512895107 504.26148661226034 563.55358388647437 55.11088714748621 635.38547951728106 115.90257593244314 304.60499358922243 3715.9096409603953 145.33846813440323 8.5171049162745494 449.94469073042274 30.835691370069981 265.90102814137936 464.80597360432148 20.705440104007721 21.871160224080086 143.01786794513464 239.86808176338673 20.290357038378716 437.5720591545105 382.97154211997986 12.942168615758417 25.070411115884781 239.97086846828461 339.66783648729324 31.702883459627628 141.30046324431896 805.43610426038504 11.634102031588553 100.90832808613777 36.937161400914192 19.30405105650425 91.218155950307846 16.407311856746674 10.512520298361776 47.720874972641468 29.035711199045181 66.241317272186279 110.8285106420517 19.606622584164143 321.73403533548117 538.19971702992916 230.28741991519928 107.98192837834358 11.958463691174982 73.34292009472847 28.383389085531235 21.561979249119759 314.08234989643097 89.601316645741463 274.68315766751766 9.1656672134995443 238.46588628739119 9.9292217642068845 23.305523112416267 56.705417208373547 1154.2058387100697 48.201534770429134
leaf_count=6363 514 584 3770 104 291 1639 7370 262 9564 604 852 4667 1073 49 6173 192 1512 1809 198 258 1753 2476 139 2227 2028 155 191 2038 4155 344 1069 3340 30 526 247 81 1080 181 118 559 200 539 788 143 438 7649 1665 1117 62 732 144 234 3371 346 1823 109 2823 121 191 456 2005 177
internal_value=0.0871453 0.0517565 0.120709 0.02287 0.0846978 0.102816 0.0185092 0.0924542 0.0087114 0.0621671 0.0916461 0.126777 0.0647976 0.0162437 0.0290556 0.0364555 0.0724298 0.0989989 0.0945471 0.0974178 0.0413759 0.0550576 0.0497278 0.083108 0.0843591 0.0672821 0.0329234 0.0588507 0.0190775 0.0882428 0.0527025 0.104648 0.0635373 0.0700305 0.0423091 0.057744 0.0522431 0.0885491 0.0421825 0.0639393 0.102726 0.0806814 0.058002 0.0848533 0.120313 0.0108878 0.0625937 0.0530939 0.0421429 0.0581114 0.0893199 0.0513979 0.0299964 0.0900183 0.0862415 0.0590911 0.0390732 0.094296 0.0848731 0.0874036 0.119625 0.11194
internal_weight=16354 7961.82 8392.22 4242.92 3718.9 2129.88 3844.55 2764.13 1994.05 954.767 1303.88 6262.34 398.37 1358.67 1850.5 1060.89 683.93 2080.21 1615.4 158.064 185.223 796.703 42.1615 761.96 999.276 252.02 168.088 361.323 789.613 630.426 163.408 853.439 48.0034 192.854 68.64 245.034 225.73 47.243 178.487 87.2691 39.5482 121.352 131.534 213.147 825.996 1101.75 556.835 326.548 243.229 135.247 61.9038 33.5204 815.852 747.256 657.655 150.466 256.912 18.4463 124.214 322.606 2546.43 67.8082
internal_count=95718 76303 19415 53490 22813 8973 50049 14798 27576 8015 6896 10442 3441 18012 22473 12145 4807 9991 8182 1001 2048 7014 397 4521 6044 1847 1944 2839 10328 3535 1333 3661 321 1308 591 2411 2330 373 1957 877 318 801 986 1393 2077 15019 4538 2873 2289 1172 440 296 9734 4197 3851 1178 2993 170 717 1968 5775 320
is_linear=0
shrinkage=0.02


Tree=5
num_leaves=63
num_cat=0
split_feature=0 2 6 6 8 2 15 0 8 1 6 0 1 3 3 8 1 4 1 5 5 5 7 0 1 5 15 14 3 8 3 9 1 15 14 5 0 0 9 0 3 4 1 5 14 4 15 14 0 14 0 4 14 0 15 4 4 14 9 15 3 4
split_gain=33765.1 9620.23 4154.72 3749.81 2407.66 2171.35 2168.39 1315.49 972.506 861.409 627.47 587.659 555.197 483.683 388.772 375.691 332.772 328.429 324.716 315.019 305.981 296.38 286.018 273.342 269.588 262.511 274.567 252.759 249.613 229.383 218.653 212.952 211.409 209.21 198.97 196.124 199.899 195.881 302.156 189.756 186.813 183.12 207.241 232.591 181.955 209.944 218.232 181.553 179.479 187.724 178.74 177.552 172.414 170.094 177.765 166.476 164.46 159.068 158.448 173.011 171.944 156.392
threshold=0.39966304200000008 1.0000000180025095e-35 1.0000000180025095e-35 1.0000000180025095e-35 1.0000000180025095e-35 1.0000000180025095e-35 3825.6155031500007 0.11373758450000002 1.0000000180025095e-35 57.500000000000007 1.0000000180025095e-35 0.6121981660000001 34.500000000000007 0.46549913400000004 0.5282348830000001 1.0000000180025095e-35 47.500000000000007 5558.5000000000009 66.500000000000014 8.5000000000000018 11.500000000000002 6.5000000000000009 4.5000000000000009 0.99999995000000019 40.500000000000007 10.500000000000002 668.87085645600018 8483.5000000000018 1508.5000000000002 1.0000000180025095e-35 2023.5000000000002 1.0000000180025095e-35 54.500000000000007 192.93239516700004 4410.5000000000009 4.5000000000000009 0.81001969800000018 0.22796741750000002 1.5000000000000002 0.46594573250000004 3772.5000000000005 10833.500000000002 64.500000000000014 11.500000000000002 1708.4166666666667 4750.5000000000009 1499.2624693255002 2559.1666666666674 0.191808008 1979.1250000000002 0.25817322250000008 3200.5000000000005 2559.1666666666674 0.38627334450000006 727.20474399000011 13401.000000000002 2399.5000000000005 9000.5000000000018 1.0000000180025095e-35 2533.8850932160003 0.36270335850000007 3052.5000000000005
decision_type=2 10 10 8 10 10 10 2 10 10 10 2 10 2 2 10 10 8 10 2 2 2 2 2 10 2 10 10 2 10 2 10 10 8 8 2 2 2 10 2 2 10 10 2 8 8 8 10 2 10 2 8 10 2 8 10 10 10 8 10 2 10
left_child=1 2 4 5 6 8 7 12 9 11 15 14 20 16 52 33 27 18 21 32 -1 37 48 29 40 26 31 -8 -16 -7 39 -13 -14 -3 -21 -28 -37 -9 -39 -11 50 42 -41 44 -44 -46 -47 -22 49 -15 -19 -35 56 54 -26 -43 -2 -52 59 -36 -61 -54
right_child=3 10 -4 -5 -6 23 13 17 -10 30 -12 25 19 22 28 -17 -18 24 -20 34 47 -23 -24 -25 53 -27 35 -29 -30 -31 -32 -33 -34 51 58 36 -38 38 -40 41 -42 55 43 -45 45 46 -48 -49 -50 -51 57 -53 61 -55 -56 -57 -58 -59 -60 60 -62 -63
leaf_value=0.029647519837630313 0.071355230340074169 0.034829977280380807 0.10647981130596378 0.11775373619042225 0.094967536023336144 0.099108189792912138 0.034172537681586561 0.0095412718415552669 0.11154046031659912 0.027932943687383839 0.11355307339892923 0.085717801356958431 0.011227137435888464 0.090099498909690587 0.091441455839459382 0.1071878609300194 0.012711374678385359 0.05785344170705449 0.0063970718505475532 0.025767130647944458 0.1333617759521144 0.060147298315922991 0.10712881828429398 0.11986008781511365 0.053058896751970439 0.1027569949526886 0.055243140694518814 0.10925817332515778 0.040886065846211066 0.11406625883605935 0.015531898154735171 0.10681496887959403 -0.0046524518814423203 0.098757550346604162 -0.0033353356529070544 0.065757804176684406 0.089844309406179851 0.027574186849452963 0.097221170969899448 0.080919145036736945 0.13900566862543956 -0.020750919050848183 0.084412912518476629 0.088755306353328636 -0.0078382898238784516 0.10080640250889225 0.028266114028575741 0.035593090540471738 0.081428493581592695 0.04074921306995985 -0.002637048322428785 0.07460507468978976 0.11966722257750481 0.075855354483781265 0.012983903298617856 0.054755278061790209 0.020465081251236535 0.099494167225559732 0.029222744840073187 0.05979990610321987 -0.003501629174512107 0.05919667318302646
leaf_weight=244.02307398617268 35.005582071840763 48.1790701597929 279.06256030499935 3810.2176041826606 200.53370969742537 1702.1628590077162 44.16303151845932 97.750501878559589 446.20681279152632 60.958328731358051 323.04489835351706 578.41501176357269 553.66646470874548 38.937497563660145 290.74070648103952 200.48062691092491 121.0566068328917 101.02232424169779 79.178284361958504 470.95349128544331 18.910591810941696 387.30836282670498 76.670492872595787 534.68553448468447 47.827675320208073 510.68677467107773 146.76892898976803 31.052027329802513 48.032488271594048 628.26240086555481 44.157845355570316 332.96006225794554 847.06032155454159 157.91591041535139 353.87183366715908 227.0909144282341 436.07874399423599 89.69903601706028 34.311846047639847 283.15487921237946 7.7978533431887618 17.376010552048683 30.639670550823212 56.967847973108292 39.659884855151176 21.86998975276947 65.919383861124516 13.945992119610308 136.60150596499443 159.2934323772788 44.026778012514114 810.01902241259813 18.801592543721199 19.203294038772583 499.43468216434121 31.956402704119682 91.587177917361259 6.0664413198828688 109.43572264164686 36.996931202709675 31.010114833712578 239.44191258400679
leaf_count=2792 230 392 671 4215 715 4729 446 1175 824 613 480 2562 7570 225 1403 475 1452 1025 994 5848 98 3497 304 641 504 1802 1029 182 405 923 458 1063 12627 673 5167 1408 1980 928 230 1706 33 207 201 311 428 120 616 148 889 1429 555 4675 70 157 6348 257 946 40 1411 414 409 1816
internal_value=0.0797579 0.044595 0.0315388 0.101776 0.0272511 0.0929612 0.0243426 0.0190986 0.0834817 0.0799814 0.0884787 0.0845967 0.0108562 0.0595695 0.0686699 0.0817312 0.0334604 0.0347041 0.0446179 0.00775642 0.0376264 0.0495647 0.0719064 0.106341 0.0252464 0.0897261 0.0858015 0.0662242 0.0844208 0.103189 0.05898 0.0935362 0.00162639 0.0766061 0.0163113 0.0769911 0.0817107 0.030886 0.047484 0.062099 0.0482238 0.0658412 0.0694968 0.0541434 0.0411788 0.0301932 0.0472916 0.0941999 0.0635402 0.0508565 0.0426431 0.0786454 0.0546163 0.0187234 0.0165803 0.0282366 0.0350019 0.0113974 0.00789335 0.00229973 0.031274 0.0640516
internal_weight=17450.3 6720.51 5180.87 10729.8 4901.81 6919.59 4701.28 4093.5 4054.48 3608.27 1539.64 2955.61 2679.87 607.775 723.609 1216.59 196.272 1413.63 688.248 2402.99 276.88 609.07 411.503 2865.11 725.379 2232 1721.31 75.2151 338.773 2330.43 652.66 911.375 1400.73 1016.11 1002.27 809.939 663.17 221.761 124.011 608.502 158.913 547.544 498.212 215.057 158.089 127.449 87.7894 32.8566 334.832 198.231 151.116 967.935 384.836 566.466 547.262 49.3324 126.593 50.0932 531.315 421.879 68.007 258.244
internal_count=95941 64978 58283 30963 57612 26748 56897 51970 20455 19631 6695 14714 36484 4927 4870 6215 2080 15486 6824 33446 3038 5830 2847 6293 8662 9844 8042 628 1808 5652 4917 3625 20197 5740 13249 4417 3388 2333 1158 4459 1653 3846 3382 1676 1365 1164 736 246 2543 1654 1620 5348 3062 7009 6852 464 1176 595 7401 5990 823 1886
is_linear=0
shrinkage=0.02


Tree=6
num_leaves=63
num_cat=0
split_feature=10 0 15 0 0 11 1 4 1 7 2 4 15 7 14 0 11 15 1 15 9 14 4 14 1 7 0 11 1 1 0 14 1 14 15 14 1 15 15 7 15 7 4 14 14 14 0 15 0 15 15 2 14 4 1 4 1 0 14 4 14 0
split_gain=31797.9 13881.9 1773.84 1506.28 1108.43 1087.47 880.371 442.054 436.661 435.801 359.867 358.042 266.072 236.142 229.553 205.223 199.053 195.601 193.074 188.485 217.57 292.782 192.123 294.753 185.753 184.062 178.211 175.665 168.772 147.791 144.75 223.245 300.229 166.719 140.494 136.016 139.899 132.358 132.27 173.01 129.709 129.263 126.711 126.509 160.538 133.303 126.331 123.476 174.064 163.075 122.228 121.625 119.484 176.582 117.443 114.703 149.192 114.075 122.519 113.989 127.746 191.276
threshold=1.0000000180025095e-35 0.29215774000000005 3230.5737007310004 0.69654056300000011 0.54259665650000011 1.5000000000000002 42.500000000000007 6357.5000000000009 57.500000000000007 3.5000000000000004 1.0000000180025095e-35 7304.5000000000009 4018.9989096840004 2.5000000000000004 3240.2500000000005 0.17026371750000005 2.5000000000000004 3738.4521334640008 67.500000000000014 2120.2565900575005 1.0000000180025095e-35 1066.8333333333337 5400.5000000000009 1366.8333333333337 57.500000000000007 2.5000000000000004 0.26738865100000003 3.5000000000000004 63.500000000000007 57.500000000000007 0.22358147200000003 7605.5000000000009 58.500000000000007 9333.5000000000018 1323.3576754440003 999.87500000000011 66.500000000000014 90.951414825000015 3396.3397021315004 1.0000000180025095e-35 1679.7880210000003 3.5000000000000004 2925.5000000000005 5499.5000000000009 5833.1250000000009 7499.5000000000009 0.23628208950000004 7440.385185250002 0.057170836500000009 4018.9989096840004 2879.6205257935003 1.5000000000000002 9000.5000000000018 18179.000000000004 41.500000000000007 6499.5000000000009 55.500000000000007 0.24479809850000003 1733.4166666666667 2851.5000000000005 1199.8333333333337 1.0000000180025095e-35
decision_type=8 2 10 2 2 2 10 8 10 2 10 10 10 2 10 2 2 10 10 10 10 10 10 10 10 2 2 2 10 10 2 8 10 8 8 10 10 10 10 2 10 2 10 8 8 8 2 10 2 8 10 10 10 8 10 10 10 2 10 8 10 2
left_child=1 2 6 5 12 10 19 15 14 11 -2 28 17 24 38 18 -5 35 -8 20 59 40 23 -21 -12 -13 -17 51 -4 52 -9 -32 33 -33 37 -3 -37 -26 39 -6 42 55 -22 -36 -45 -46 -47 48 49 -11 -24 -7 -14 -54 -27 -16 -57 -23 -59 60 -1 -62
right_child=3 4 9 16 8 27 7 30 -10 47 13 25 29 -15 41 26 -18 -19 -20 22 21 57 50 -25 34 54 -28 -29 -30 -31 31 32 -34 -35 43 36 -38 -39 -40 -41 -42 -43 -44 44 45 46 -48 -49 -50 -51 -52 -53 53 -55 -56 56 -58 58 -60 -61 61 -63
leaf_value=0.0042557780573354914 0.089076399333381254 0.036193727827930462 0.067614888730173503 0.10041110935196383 0.08690185195433367 0.10003114718675146 0.019378750467493981 -0.00099377310190163089 0.060232339544816292 0.086513636208977701 0.070460663498451412 0.018340826105633871 0.086623781368223685 0.092460655954428039 0.076449829926354143 0.043173798588317665 0.10799477821478984 -0.0021770133504171972 0.0011489723364202123 -0.019892761203947937 0.060942989278371301 0.018672895701045609 0.043400522575945878 0.0906983944308975 0.002939697151524191 0.091579323269480817 -0.011247560539541479 0.10687385450063015 0.011329744548402939 0.04282171420622715 -0.020849560100184978 0.15528292555339426 -0.0092253169156722853 0.054500532477527876 0.01294421470163034 0.057730745353827606 0.024975015049457334 0.077411060968998816 0.098136257722860276 0.072296821260005001 -0.018263671877056194 0.10274443826334859 0.12001998149459679 0.13196156186068916 -0.020473903903527792 0.028700722491406483 0.078110646842031811 0.097426430147056584 0.081882998513094149 -0.0090982383819000964 -0.0089924403393306842 0.086393573990084876 -0.020298147478352672 0.095094020847197883 0.038411648605270389 0.062578734852742443 0.0054368995058997251 0.11919982661690835 0.011854966726155299 0.011629895742789598 0.091019026658632415 0.028146101729134957
leaf_weight=42.684312149882317 547.94079487025738 200.51325888186693 182.60910112410784 3282.4038906395435 1043.2726325616241 614.81727711856365 714.52695345878601 1321.4807936288416 529.58522139489651 9.4663183465600031 688.59190454334021 250.17971643060446 175.60931676626205 151.63119483739138 350.6510272398591 171.08179648965597 3044.4575551599264 28.116959154605865 344.72381845116615 10.919261679053305 63.377292856574059 137.81723149120808 76.445925876498222 63.611971110105515 10.879447050392626 21.244789466261864 27.4952172935009 660.8951984718442 24.713965781033039 55.090459562838078 28.024847283959389 8.5720555856823903 23.45475772768259 28.559638530015945 54.532658949494362 687.66607468575239 59.004436731338501 85.808955706655979 268.72279068827629 542.4568622559309 5.7515736371278754 50.202543936669827 20.789701372385025 8.1751890853047353 11.255031026899813 48.672657772898674 37.963185057044029 73.479854874312878 52.732710555195808 21.822522208094597 22.657478176057339 624.4098362326622 11.090703137218954 8.6618177741765958 82.553500570356846 313.53305381536484 19.698297001421452 9.0292016342282313 7.8863378018140784 309.75644415616989 26.406266137957573 72.00280699878931
leaf_count=525 1592 1832 1308 5434 3922 1067 8979 19253 3530 59 3700 2934 874 557 1602 1705 2802 297 4901 139 610 1667 809 451 108 116 338 809 262 448 396 36 329 290 451 5369 622 470 837 2707 77 139 129 21 117 412 180 272 297 218 288 1808 122 34 789 1783 175 45 92 3882 212 767
internal_value=0.0736999 0.0455761 0.0198966 0.0981909 0.0707245 0.0876602 0.0140669 0.00836464 0.0770798 0.0485208 0.0756268 0.0401341 0.0545063 0.0688352 0.0805013 0.0169794 0.104077 0.049665 0.0134546 0.0315387 0.0268074 0.0419871 0.0502166 0.0744208 0.0649521 0.0277691 0.0356099 0.0980345 0.0610016 0.0730787 0.000672096 0.0252718 0.0466302 0.0812813 0.0499857 0.0512067 0.0551818 0.0691678 0.084353 0.0819556 0.0705602 0.0706667 0.0767967 0.0380682 0.0507252 0.0426548 0.0510189 0.0779547 0.0599569 0.0215503 0.031432 0.0932364 0.0813393 0.0323509 0.0500828 0.0681625 0.0592333 0.0250233 0.0727205 0.0184911 0.0333523 0.0457829
internal_weight=18472.2 8599.73 4255.86 9872.43 4343.88 3545.57 3537.06 2667.92 3118.12 718.802 1645.45 561.301 1225.75 1097.51 2588.54 1257.83 6326.86 975.301 1059.25 869.136 695.501 244.651 173.635 74.5312 945.879 353.978 198.577 1900.12 207.323 250.452 1410.09 88.6113 60.5865 37.1317 257.287 947.184 746.671 96.6884 1854.45 1585.73 89.9186 734.085 84.167 160.599 106.066 97.8909 86.6358 157.501 84.0216 31.2888 99.1034 1239.23 195.362 19.7525 103.798 683.882 333.231 154.733 16.9155 450.85 141.093 98.4091
internal_count=95996 76468 52175 19528 24293 11292 45920 36227 14695 6255 7608 5409 9598 6016 11165 15923 8236 8120 13880 9693 8006 2620 1687 590 5459 3839 2043 3684 1570 1478 20304 1051 655 326 1759 7823 5991 578 7466 6629 816 3699 739 1181 730 709 592 846 574 277 1097 2875 1030 156 905 3560 1958 1804 137 5386 1504 979
is_linear=0
shrinkage=0.02


Tree=7
num_leaves=63
num_cat=0
split_feature=10 0 15 0 1 11 0 0 1 4 15 4 1 11 9 15 1 4 4 15 14 1 14 4 7 1 0 7 4 0 1 0 4 0 2 15 4 15 7 0 4 14 7 11 15 14 14 4 4 0 0 0 1 0 15 14 1 9 1 1 7 15
split_gain=26695 11869.3 1701.75 1184.91 936.197 881.476 738.634 489.672 415.255 369.845 321.46 300.397 272.243 271.539 261.782 261.053 283.27 233.747 243.942 184.185 163.692 161.655 156.857 145.361 157.421 203.136 144.411 140.48 165.298 153.883 137.518 139.785 134.814 210.354 130.523 166.329 130.429 122.305 122.107 116.542 144.001 112.294 111.503 111.095 109.958 110.193 148.168 109.568 125.134 112.186 109.324 104.293 126.529 104.092 102.672 102.283 104.032 145.498 139.675 121.781 112.154 161.223
threshold=1.0000000180025095e-35 0.2969925140000001 3698.4252441500007 0.48114396550000005 35.500000000000007 1.5000000000000002 0.6121981660000001 0.15462281650000001 63.500000000000007 7208.5000000000009 6048.3541790300005 792.50000000000011 67.500000000000014 3.5000000000000004 1.0000000180025095e-35 5300.4704970420007 33.500000000000007 3300.5000000000005 3052.5000000000005 1115.72259508 1733.4166666666667 63.500000000000007 2131.8333333333335 6100.5000000000009 1.0000000180025095e-35 40.500000000000007 0.93366553150000009 4.5000000000000009 5341.5000000000009 0.99999995000000019 53.500000000000007 0.073611260000000012 6400.5000000000009 0.26738865100000003 1.0000000180025095e-35 192.93239516700004 3910.5000000000005 140.95153001400004 4.5000000000000009 0.97285376700000004 5980.5000000000009 4900.5000000000009 2.5000000000000004 2.5000000000000004 1663.6067969610003 3113.1666666666674 1629.1250000000002 14583.500000000002 9235.5000000000018 0.18771692950000005 0.42516688850000006 0.38627334450000006 41.500000000000007 0.29215774000000005 5300.4704970420007 1708.4166666666667 81.500000000000014 2.5000000000000004 57.500000000000007 44.500000000000007 1.0000000180025095e-35 349.91050708000006
decision_type=8 2 10 2 10 2 2 2 10 10 10 8 10 2 10 10 10 8 10 10 10 10 10 8 2 10 2 2 10 2 10 2 8 2 10 8 10 10 2 2 10 10 2 2 10 10 10 10 10 2 2 2 10 2 8 8 10 8 10 10 2 10
left_child=1 2 4 5 14 34 11 12 27 21 47 -3 17 26 19 16 50 18 30 36 -16 -4 -22 -18 51 -26 41 28 29 -8 31 -6 33 -9 -2 -36 -1 -19 -27 -10 -41 -5 55 -7 45 46 -20 48 49 -11 -13 -25 -53 -34 -44 -37 57 58 59 60 61 -57
right_child=3 6 9 13 7 43 8 32 39 10 -12 15 -14 -15 20 -17 23 37 44 -21 22 -23 -24 24 25 38 -28 -29 -30 -31 -32 -33 53 -35 35 42 -38 -39 -40 40 -42 -43 54 -45 -46 -47 -48 -49 -50 -51 -52 52 -54 -55 -56 56 -58 -59 -60 -61 -62 -63
leaf_value=0.028637721982693005 0.076536046098031496 -0.021168178792230877 0.079334547735175731 0.089651900904422238 -0.0092309021352304631 0.083350669582271233 0.074792494471577473 0.042248582919089506 0.057980216728308366 -0.0089044175220392048 0.064201681010656111 0.053251579817460815 -0.0036166379752275201 0.099834806179170496 0.079156608474728274 0.078289299399361967 0.055492161289031103 0.00048839230546269988 0.0099188110346637437 0.053498494535987907 -0.020375729491961671 0.022949005542064346 0.052844763490260613 0.026356506194078887 0.066431079511855187 0.026741286672118308 0.094514876409847945 0.10951501663039864 0.065619991528743843 0.094987443939464997 0.0328311359572626 0.03599901832380329 0.014241620381866701 -0.0036732000531482386 0.022969563824247231 0.077158467147938711 -0.006115432055795054 0.011978062866586764 0.10135732635638163 0.014773483957851653 0.071437846841571326 0.07690425581964043 0.052898450804140067 0.095939003559865149 0.11675501910048826 0.00018398949332614343 0.12110692835588438 0 0.043087648486682131 0.047969337724051812 0.083256864704128533 0.015522086110120681 0.081671253024989135 0.07547291793977022 0.094247195592718006 0.10280977585430026 0.10349747809556281 0.015754808759943915 0.04180684392899793 0.074443244058601796 0.033160407560335413 0.038646608333987927
leaf_weight=204.16929934173822 412.17439338564873 19.996804475784302 182.62506367266178 1771.7743424847722 90.495302297174931 619.59068372100592 1712.1250418499112 282.06639105081558 134.38527587801218 43.509786933660507 137.59370743483305 84.268289051949978 687.78998971730471 2610.968090057373 90.243117444217205 186.87227866053581 586.89776407927275 571.48797211423516 8.4353033378720337 99.170684836804867 14.425215750932692 24.115296952426434 51.534540817141533 28.38860085606575 68.465940803289413 347.8622564598918 3221.0720379799604 47.444870352745056 824.7486217468977 182.97145648300648 142.76234458386898 37.975837573409081 271.50191874057055 46.177490830421448 42.541429944336414 135.96591484546661 54.206981182098389 1055.576131798327 8.1764706894755346 74.74371299892664 23.006560541689396 397.69828610122204 39.794757932424545 722.24257150292397 13.249945797026156 12.679585650563238 10.869863897562025 51.28768052905798 140.95774144679308 19.183803245425224 152.05907870084047 14.297767445445059 77.055998474359512 10.678369142115114 89.481986701488495 30.268022507429123 19.085538163781166 35.958874329924583 159.98008950799704 220.64540365338326 79.484276749193668 35.672120682895184
leaf_count=2214 1316 217 936 3313 1207 1597 6814 2680 831 509 852 626 10138 2085 653 846 4061 8275 101 882 182 212 465 308 471 3269 4085 81 3992 437 1637 396 3351 539 361 607 708 13825 30 667 134 1019 220 1058 86 166 74 644 1336 153 721 130 460 87 256 97 70 294 1155 1155 578 227
internal_value=0.0690796 0.0435687 0.0199289 0.0904719 0.0149255 0.0787509 0.066067 0.010942 0.07192 0.0512037 0.0396105 0.0548759 0.00719137 0.0943328 0.039987 0.0558685 0.0527482 0.0110171 0.0267232 0.030392 0.0616043 0.0729092 0.0367366 0.0484889 0.0408453 0.0349651 0.0916494 0.0740894 0.0734307 0.0767924 0.0193892 0.00429831 0.0270682 0.0357907 0.0668871 0.0623297 0.0213434 0.00794645 0.0287395 0.045843 0.0287187 0.0873525 0.0642763 0.0901942 0.0692852 0.0466163 0.0755034 0.0261315 0.0326824 0.00894705 0.0728356 0.0612127 0.0716201 0.0168242 0.0820381 0.0609615 0.0570422 0.0552801 0.057943 0.0648563 0.0498879 0.0692247
internal_weight=19572.9 8928.54 4354.77 10644.4 3755.5 2642.89 4573.77 3241.75 2999.43 599.273 392.533 1574.34 2631.32 8001.51 513.75 1554.34 1367.47 1943.53 316.468 357.547 156.203 206.74 65.9598 1131.14 544.247 424.505 5390.54 2767.29 2719.85 1895.1 271.233 128.471 610.424 328.244 1301.05 888.878 258.376 1627.06 356.039 232.136 97.7503 2169.47 846.337 1341.83 45.2347 31.9848 19.3052 254.939 203.651 62.6936 236.327 119.742 91.3538 282.18 129.277 717.06 581.094 562.009 526.05 366.07 145.424 65.9401
internal_count=95896 76403 52308 19493 47666 8991 24095 42562 12956 4642 3494 11139 35905 10502 5104 10922 10076 25767 3667 3804 1300 1148 647 8729 4668 3770 8417 11324 11243 7251 3240 1603 6657 3219 6336 5020 2922 22100 3299 1632 801 4332 4659 2655 427 341 175 2642 1998 662 1347 898 590 3438 476 4183 3576 3506 3212 2057 902 324
is_linear=0
shrinkage=0.02


end of trees

feature_importances:
RevolvingUtilizationOfUnsecuredLines=81
age=68
EstMonthlyDebt=61
IncomePerDependent=57
MonthlyIncome=56
DebtRatio=44
NumberOfOpenCreditLinesAndLoans=30
NumberRealEstateLoansOrLines=29
NumberOfTime30-59DaysPastDueNotWorse=14
TotalDelinquencies=14
NumberOfTimes90DaysLate=10
EstMonthlyDebt_log=9
NumberOfDependents=8
NumberOfTime60-89DaysPastDueNotWorse=7
MaxDelqStatus=7
AnyDelinquency=1

parameters:
[boosting: gbdt]
[objective: binary]
[metric: binary_logloss]
[tree_learner: serial]
[device_type: cpu]
[data_sample_strategy: bagging]
[data: ]
[valid: ]
[num_iterations: 1000]
[learning_rate: 0.02]
[num_leaves: 63]
[num_threads: 2]
[seed: 42]
[deterministic: 0]
[force_col_wise: 0]
[force_row_wise: 0]
[histogram_pool_size: -1]
[max_depth: -1]
[min_data_in_leaf: 50]
[min_sum_hessian_in_leaf: 0.001]
[bagging_fraction: 0.8]
[pos_bagging_fraction: 1]
[neg_bagging_fraction: 1]
[bagging_freq: 1]
[bagging_seed: 400]
[bagging_by_query: 0]
[feature_fraction: 0.8]
[feature_fraction_bynode: 1]
[feature_fraction_seed: 30056]
[extra_trees: 0]
[extra_seed: 12879]
[early_stopping_round: 0]
[early_stopping_min_delta: 0]
[first_metric_only: 0]
[max_delta_step: 0]
[lambda_l1: 0.1]
[lambda_l2: 1]
[linear_lambda: 0]
[min_gain_to_split: 0]
[drop_rate: 0.1]
[max_drop: 50]
[skip_drop: 0.5]
[xgboost_dart_mode: 0]
[uniform_drop: 0]
[drop_seed: 17869]
[top_rate: 0.2]
[other_rate: 0.1]
[min_data_per_group: 100]
[max_cat_threshold: 32]
[cat_l2: 10]
[cat_smooth: 10]
[max_cat_to_onehot: 4]
[top_k: 20]
[monotone_constraints: ]
[monotone_constraints_method: basic]
[monotone_penalty: 0]
[feature_contri: ]
[forcedsplits_filename: ]
[refit_decay_rate: 0.9]
[cegb_tradeoff: 1]
[cegb_penalty_split: 0]
[cegb_penalty_feature_lazy: ]
[cegb_penalty_feature_coupled: ]
[path_smooth: 0]
[interaction_constraints: ]
[verbosity: -1]
[saved_feature_importance_type: 0]
[use_quantized_grad: 0]
[num_grad_quant_bins: 4]
[quant_train_renew_leaf: 0]
[stochastic_rounding: 1]
[linear_tree: 0]
[max_bin: 255]
[max_bin_by_feature: ]
[min_data_in_bin: 3]
[bin_construct_sample_cnt: 200000]
[data_random_seed: 175]
[is_enable_sparse: 1]
[enable_bundle: 1]
[use_missing: 1]
[zero_as_missing: 0]
[feature_pre_filter: 1]
[pre_partition: 0]
[two_round: 0]
[header: 0]
[label_column: ]
[weight_column: ]
[group_column: ]
[ignore_column: ]
[categorical_feature: ]
[forcedbins_filename: ]
[precise_float_parser: 0]
[parser_config_file: ]
[objective_seed: 16083]
[num_class: 1]
[is_unbalance: 0]
[scale_pos_weight: 13.9607]
[sigmoid: 1]
[boost_from_average: 1]
[reg_sqrt: 0]
[alpha: 0.9]
[fair_c: 1]
[poisson_max_delta_step: 0.7]
[tweedie_variance_power: 1.5]
[lambdarank_truncation_level: 30]
[lambdarank_norm: 1]
[label_gain: ]
[lambdarank_position_bias_regularization: 0]
[eval_at: ]
[multi_error_top_k: 1]
[auc_mu_weights: ]
[num_machines: 1]
[local_listen_port: 12400]
[time_out: 120]
[machine_list_filename: ]
[machines: ]
[gpu_platform_id: -1]
[gpu_device_id: -1]
[gpu_use_dp: 0]
[num_gpu: 1]

end of parameters

pandas_categorical:[]
